0.009204688148393592 0.2 0.12866568914956011 0.0 0.5390946502057613 0.7215941751293352 0.9433573635427395 0.08631523429330086 0.17391304347826086 0.14694656488549612 0.042553191489361764 0.991224973523627 11.25 31.0
0.1113885957809542 0.0 0.6466275659824048 0.0 0.6337448559670781 0.43897298333014 0.7713697219361483 0.0337185934217825 1.0 0.91412213740458 0.8085106382978724 0.8518836048212215 29.97 6.3
0.0044475725942307665 0.0 0.3460410557184751 0.0 0.3271604938271605 0.5405250047901896 0.6622039134912462 0.21850703380043468 0.13043478260869565 0.22328244274809156 0.6170212765957446 0.995738564728428 10.36 23.1
0.0011730936357338012 0.0 0.49230205278592387 1.0 0.33950617283950624 0.4579421345085265 0.9361483007209063 0.16001782320472135 0.17391304347826086 0.1698473282442748 0.404255319148936 0.9999999999999999 17.92 21.5
0.01823448564840146 0.0 0.7855571847507332 0.0 0.4917695473251028 0.2793638628089672 1.0 0.028171575625858217 0.13043478260869565 0.4770992366412213 0.9148936170212765 0.9999999999999999 34.41 14.4
0.00032258108024873144 0.8 0.16458944281524926 0.0 0.053497942386831254 0.6323050392795554 0.25746652935118436 0.36256581400212784 0.13043478260869565 0.11068702290076332 0.7021276595744679 0.9999999999999999 3.33 28.5
0.0006847261118032305 0.0 0.10190615835777128 0.0 0.154320987654321 0.5311362329948267 0.14727085478887744 0.37146832289099657 0.13043478260869565 0.46374045801526714 0.457446808510638 0.9453073780826062 7.34 22.6
0.015529637670636401 0.0 0.28152492668621704 0.0 0.31481481481481477 0.45775052692086604 0.8146240988671473 0.260109667269867 0.13043478260869565 0.22900763358778625 0.8936170212765959 0.5857078017045741 27.71 13.2
0.0014195815482722916 0.0 0.29692082111436957 0.0 0.2777777777777778 0.43878137574247933 0.9660144181256437 0.08887049986814467 0.17391304347826086 0.37595419847328243 0.8829787234042552 0.9928135559029705 16.47 19.5
0.1749960773241461 0.0 0.6466275659824048 0.0 0.40123456790123446 0.4531519448170148 0.7013388259526261 0.16175467631787138 1.0 0.91412213740458 0.8085106382978724 0.928992889202683 18.13 19.1
0.00015477147996602894 0.9500000000000001 0.08137829912023462 0.0 0.0639917695473251 0.8570607396052886 0.29866117404737386 0.3626840291354837 0.13043478260869565 0.07061068702290074 0.22340425531914887 0.9839880982399516 2.88 50.0
0.09709398281755578 0.0 0.6466275659824048 0.0 0.6337448559670781 0.5043111707223605 0.9237899073120494 0.06016240940628724 1.0 0.91412213740458 0.8085106382978724 0.9999999999999999 15.17 13.8
0.016376778298453364 0.0 0.7008797653958945 0.0 0.4526748971193414 0.7526346043303315 0.9052523171987641 0.07650337822477245 0.17391304347826086 0.41221374045801523 0.22340425531914887 0.9433405618034193 1.73 50.0
0.0017201327010894023 0.0 0.23643695014662755 0.0 0.12962962962962965 0.5077601073002492 0.03707518022657055 0.41750857059716834 0.08695652173913043 0.08778625954198471 0.5638297872340423 0.9938473952292097 7.44 24.7
0.03279401972892399 0.0 0.7008797653958945 0.0 0.4526748971193414 0.48668327265759725 0.9279093717816684 0.10492047758913876 0.17391304347826086 0.41221374045801523 0.22340425531914887 0.6047707902566948 9.81 25.0
0.002870297228680088 0.0 0.3460410557184751 0.0 0.3271604938271605 0.4717378808200804 0.9011328527291452 0.15498913330120306 0.13043478260869565 0.22328244274809156 0.6170212765957446 0.9984870644006254 11.72 19.4
0.0014078921990228605 0.0 0.3500733137829912 0.0 0.33333333333333337 0.5010538417321325 0.7167868177136972 0.14554101610453857 0.21739130434782608 0.46755725190839686 0.5531914893617023 0.9909223864037521 12.04 21.2
0.002422842427122527 0.2 0.2382697947214076 1.0 0.1625514403292181 0.7913393370377467 0.5036045314109165 0.29434658858405555 0.08695652173913043 0.06870229007633583 0.6382978723404256 0.9845428412930556 6.58 35.2
9.767350478611415e-05 0.9 0.02749266862170088 1.0 0.03292181069958855 0.8357922973749762 0.2255406797116375 0.4324309578153844 0.0 0.020992366412213692 0.10638297872340408 0.9965202481214382 3.16 50.0
0.0006726995697869887 0.0 0.10190615835777128 0.0 0.154320987654321 0.44203870473270757 0.23583934088568487 0.37146832289099657 0.13043478260869565 0.46374045801526714 0.457446808510638 0.9635382520550708 9.97 19.3
0.12454866748162413 0.0 0.6466275659824048 0.0 0.685185185185185 0.5460816248323433 1.0 0.06631868981258356 1.0 0.91412213740458 0.8085106382978724 0.8029401381814514 15.02 16.7
0.002085424865134133 0.0 0.25366568914956017 0.0 0.2222222222222222 0.5499137765855527 0.121524201853759 0.38977348161754677 0.17391304347826086 0.19083969465648848 0.7446808510638299 0.9918805789500227 5.08 24.6
0.0038890689748036075 0.0 0.7855571847507332 0.0 0.4917695473251028 0.5543207511017435 0.9835221421215243 0.06549118387909321 0.13043478260869565 0.4770992366412213 0.9148936170212765 0.9928892026829391 14.59 17.1
0.0010359685772308562 0.0 0.9233870967741936 0.0 0.4032921810699587 0.4441463881969726 0.956745623069001 0.07972246724076786 0.043478260869565216 0.001908396946564861 0.6914893617021276 0.9558222804982601 17.58 18.8
0.00035247883890593087 0.8 0.03885630498533725 0.0 0.039094650205761305 0.7114389729833303 0.364572605561277 0.5619219961989289 0.043478260869565216 0.27099236641221375 0.0 0.9881486711382319 6.62 34.6
0.8264345191878419 0.0 0.6466275659824048 0.0 0.6049382716049384 0.45909178003448925 1.0 0.061199065191099314 1.0 0.91412213740458 0.8085106382978724 0.040672752029855264 20.62 8.8
0.0014622926320682912 0.0 0.37133431085043994 0.0 0.21399176954732513 0.44644567924889833 0.19979402677651908 0.2560539788485846 0.13043478260869565 0.17175572519083965 0.6382978723404256 0.9999999999999999 10.87 22.6
0.15191523243596597 0.0 0.6466275659824048 0.0 0.5061728395061728 0.057865491473462316 1.0 0.03464612754503542 1.0 0.91412213740458 0.8085106382978724 0.3305764284633617 13.33 23.1
0.0011801746838368222 0.0 1.0 0.0 0.4609053497942387 0.4640735773136616 0.8300720906282183 0.08914330402204261 0.13043478260869565 1.0 0.7978723404255321 0.9999999999999999 13.35 20.1
0.002138364129523385 0.22 0.19794721407624635 0.0 0.09465020576131689 0.5106342211151561 0.7857878475798147 0.6298047631605271 0.26086956521739135 0.2729007633587786 0.6914893617021276 0.947652428261637 10.15 20.5
0.0009830293128416045 0.125 0.27162756598240473 0.0 0.28600823045267487 0.4460624640735774 0.3717816683831102 0.3929561967463558 0.17391304347826086 0.2366412213740458 0.2765957446808509 0.983862020273337 15.71 21.7
0.0008555704469872276 0.3 0.16385630498533724 0.0 0.08847736625514402 0.5594941559685763 0.16065911431513905 0.4601569533232092 0.21739130434782608 0.215648854961832 0.4255319148936172 0.955897927278229 6.36 23.7
0.031172572110921132 0.0 0.7008797653958945 0.0 0.9999999999999999 0.25713738264035246 0.9773429454170957 0.019669179496039815 0.17391304347826086 0.41221374045801523 0.22340425531914887 0.9999999999999999 29.29 11.8
0.041481791365797056 0.0 0.6466275659824048 0.0 0.685185185185185 0.26863383789998085 0.9114315139031927 0.05662504887741092 1.0 0.91412213740458 0.8085106382978724 0.7960814967976196 14.0 21.9
0.009505688891566449 0.0 0.28152492668621704 0.0 0.31481481481481477 0.46062464073577314 0.8887744593202884 0.2621375114805081 0.13043478260869565 0.22900763358778625 0.8936170212765959 0.9889807857178878 13.83 19.6
0.006937628779537524 0.0 0.21041055718475074 1.0 0.2510288065843621 0.6357539758574439 0.7703398558187435 0.1948276332420955 0.30434782608695654 0.22900763358778625 0.5106382978723403 0.983584648746785 9.93 27.5
0.0003709120434915727 0.0 0.10813782991202346 0.0 0.21399176954732513 0.5449319793063806 0.7312049433573636 0.17845938400822048 0.043478260869565216 0.1583969465648855 0.5531914893617023 0.9915527762368249 8.2 22.0
0.0009262685304285002 0.21 0.18988269794721407 0.0 0.11111111111111105 0.4602414255604522 0.44078269824922767 0.5169729651083488 0.13043478260869565 0.10687022900763354 0.44680851063829796 0.99662111049473 13.45 19.7
0.07543451783907093 0.0 0.6466275659824048 0.0 0.6748971193415637 0.6108449894615827 0.9237899073120494 0.10857605325137083 1.0 0.91412213740458 0.8085106382978724 0.0 17.44 13.4
0.05334445769736904 0.0 0.6466275659824048 0.0 0.6748971193415637 0.5679248898256372 0.8609680741503605 0.11877892860715293 1.0 0.91412213740458 0.8085106382978724 0.1275909022139291 18.13 14.1
0.013500074407203876 0.0 0.7008797653958945 0.0 0.4526748971193414 0.4433799578463308 0.9443872296601441 0.11787867489928981 0.17391304347826086 0.41221374045801523 0.22340425531914887 0.7362196782490292 14.43 17.4
0.157855445011278 0.0 0.6466275659824048 0.0 0.4362139917695472 0.5932170913968192 1.0 0.036182924278660364 1.0 0.91412213740458 0.8085106382978724 0.0875737556104695 21.22 17.2
0.0027789179888744373 0.0 0.3460410557184751 0.0 0.3271604938271605 0.41080666794405063 0.7703398558187435 0.2560176049613982 0.13043478260869565 0.22328244274809156 0.6170212765957446 0.9987896515205004 11.5 16.2
0.05215888792926325 0.0 0.6466275659824048 0.0 0.47119341563786 0.6551063422111517 0.666323377960865 0.12760868972164885 1.0 0.91412213740458 0.8085106382978724 0.943970951636492 11.66 29.8
0.07886118313298839 0.0 0.6466275659824048 0.0 0.685185185185185 0.4684805518298526 0.9515962924819773 0.06774636488464932 1.0 0.91412213740458 0.8085106382978724 0.8060416561601695 15.7 14.2
0.11195047132804946 0.0 0.6466275659824048 0.0 0.7304526748971193 0.5602605863192184 1.0 0.07718538860951722 1.0 0.91412213740458 0.8085106382978724 0.9743557415905997 18.85 15.4
0.0015560322212416157 0.0 0.3500733137829912 0.0 0.33333333333333337 0.41578846522322277 0.6416065911431514 0.14818721639734833 0.21739130434782608 0.46755725190839686 0.5531914893617023 0.9863835796056282 13.61 19.3
9.070485427203005e-05 0.6 0.09054252199413491 0.0 0.03292181069958855 0.5830618892508143 0.16374871266735327 0.46285771444679863 0.0 0.14885496183206098 0.31914893617021267 0.94906450148772 4.38 29.1
0.0005635615109293168 0.0 0.45344574780058655 0.0 0.10699588477366251 0.5117838666411191 0.5231719876416066 0.35323591193881915 0.17391304347826086 0.4026717557251908 0.6489361702127658 0.9735236270109435 12.34 21.2
0.14688993623459987 0.0 0.6466275659824048 0.0 0.40123456790123446 0.4123395286453343 0.5540679711637487 0.1540525057061536 1.0 0.91412213740458 0.8085106382978724 0.9999999999999999 14.76 20.1
0.005775212914752723 0.2 0.12866568914956011 0.0 0.5390946502057613 0.9268059015136999 0.9124613800205973 0.10538424465076522 0.17391304347826086 0.14694656488549612 0.042553191489361764 0.9746835443037976 5.91 48.8
0.170517033405013 0.0 0.6466275659824048 0.0 0.7304526748971193 0.4964552596282813 1.0 0.07134737971610182 1.0 0.91412213740458 0.8085106382978724 0.0226940339906198 26.45 8.7
0.006980677056100335 0.0 0.28152492668621704 0.0 0.31481481481481477 0.4355240467522513 0.5520082389289392 0.3063590648273604 0.13043478260869565 0.22900763358778625 0.8936170212765959 0.9967724040546674 8.47 19.9
0.001889853060384031 0.0 0.37133431085043994 1.0 0.21399176954732513 0.45966660279747085 0.9186405767250256 0.24984313761150873 0.13043478260869565 0.17175572519083965 0.6382978723404256 0.9907963084371375 17.27 21.7
0.0006118924741721581 0.0 0.42045454545454547 0.0 0.3868312757201645 0.6543399118605097 0.9073120494335736 0.09438114377688257 0.0 0.1641221374045801 0.8936170212765959 0.9999999999999999 5.64 23.9
0.0008579307963549013 0.0 0.4934017595307918 0.0 0.10699588477366251 0.4916650699367694 0.1596292481977343 0.39766661513699314 0.13043478260869565 0.1946564885496183 0.36170212765957444 0.9999999999999999 8.58 23.9
0.004511526822335829 0.0 0.21041055718475074 1.0 0.2510288065843621 0.4987545506802068 0.9104016477857878 0.1744491629459211 0.30434782608695654 0.22900763358778625 0.5106382978723403 0.9958142115083968 21.46 21.7
0.00041643306701099296 0.21 0.18988269794721407 0.0 0.11111111111111105 0.4893657788848439 0.6189495365602471 0.5169729651083488 0.13043478260869565 0.10687022900763354 0.44680851063829796 0.9926118311563872 9.43 20.5
0.10922640336257619 0.0 0.6466275659824048 0.0 0.7304526748971193 0.5451235868940408 0.9711637487126674 0.08506942865716706 1.0 0.91412213740458 0.8085106382978724 0.9724141409047354 19.52 17.1
0.0006215586668207264 0.0 0.1440615835777126 0.0 0.11728395061728392 0.44778693236252154 0.5087538619979403 0.625994598477753 0.08695652173913043 0.3148854961832061 0.6595744680851063 0.9185788491603208 12.67 17.2
0.05942157053600612 0.0 0.6466275659824048 0.0 0.648148148148148 0.47710289327457367 0.819773429454171 0.0944084241922724 1.0 0.91412213740458 0.8085106382978724 0.9533007211659691 18.76 23.2
0.0006270661486786315 0.4 0.028958944281524925 0.0 0.09053497942386823 0.5612186242575207 0.427394438722966 0.6967872764142622 0.0 0.282442748091603 0.7553191489361701 0.9999999999999999 5.98 22.9
0.00031853476704700516 0.35000000000000003 0.20527859237536655 0.0 0.10884773662551439 0.4732707415213643 0.21009268795056646 0.5011503241822696 0.0 0.22328244274809156 0.457446808510638 0.9126279691361138 7.83 19.4
0.01259145229823846 0.0 0.7008797653958945 1.0 0.9999999999999999 0.27802260969534387 0.8764160659114315 0.04370322545444626 0.17391304347826086 0.41221374045801523 0.22340425531914887 0.8647939886025517 12.12 15.3
0.024151207127625664 0.0 0.7008797653958945 0.0 0.9999999999999999 0.3960528836941942 1.0 0.035191735852831266 0.17391304347826086 0.41221374045801523 0.22340425531914887 0.4260174491905795 16.65 15.6
0.0004115999706867088 0.28 0.5344574780058651 0.0 0.1625514403292181 0.5150411956313469 0.7662203913491246 0.2260091480326274 0.13043478260869565 0.1583969465648855 0.5957446808510638 0.9999999999999999 10.59 20.6
0.01368170891092581 0.0 0.7008797653958945 0.0 0.4526748971193414 0.6480168614677141 0.9732234809474769 0.06799188862315746 0.17391304347826086 0.41221374045801523 0.22340425531914887 0.9156034091482173 4.59 41.3
0.008951231585341017 0.0 0.28152492668621704 0.0 0.31481481481481477 0.3630963786165934 0.34706488156539655 0.24251379934345135 0.13043478260869565 0.22900763358778625 0.8936170212765959 0.7278985324524686 11.69 20.2
0.002154661779919227 0.0 0.37133431085043994 0.0 0.21399176954732513 0.5022034872580955 0.40679711637487126 0.2560539788485846 0.13043478260869565 0.17175572519083965 0.6382978723404256 0.9917545009834081 9.47 25.0
0.0008783871575414062 0.0 0.1315982404692082 0.0 0.257201646090535 0.4403142364437632 0.6776519052523172 0.14297665705789814 0.17391304347826086 0.20801526717557245 0.4255319148936172 0.9907458772504918 9.64 22.6
0.0020794677929204804 0.22 0.19794721407624635 0.0 0.09465020576131689 0.39164590917800346 0.6930998970133883 0.6206567305331503 0.26086956521739135 0.2729007633587786 0.6914893617021276 0.9804074839880983 18.46 18.5
0.00224525423660232 0.22 0.19794721407624635 0.0 0.09465020576131689 0.38934661812607774 0.7579814624098867 0.6206567305331503 0.26086956521739135 0.2729007633587786 0.6914893617021276 0.9384487366987746 12.5 17.6
0.3220132476294224 0.0 0.6466275659824048 0.0 0.4362139917695472 0.3054224947307914 1.0 0.04181178332075404 1.0 0.91412213740458 0.8085106382978724 0.5311664733471179 20.08 16.3
0.0029567309745725185 0.0 0.3460410557184751 0.0 0.3271604938271605 0.5182985246215751 0.8228630278063851 0.19398194036501193 0.13043478260869565 0.22328244274809156 0.6170212765957446 0.9911493267436583 7.9 21.6
0.0011174568292100654 0.0 1.0 0.0 0.4609053497942387 0.4640735773136616 0.9876416065911431 0.06715528921787052 0.13043478260869565 1.0 0.7978723404255321 0.9828786121337435 18.07 13.6
0.00032651499586152077 0.34 0.2063782991202346 0.0 0.09876543209876543 0.5803793830235676 0.3861997940267765 0.39666633323936745 0.26086956521739135 0.27099236641221375 0.37234042553191493 0.9971002067678653 9.5 22.0
0.16878835848716442 0.0 0.6466275659824048 0.0 0.47119341563786 0.3339720252922017 0.972193614830072 0.08830670461675562 1.0 0.91412213740458 0.8085106382978724 0.8804276564627567 24.91 12.0
0.0006329108233033472 0.0 0.42045454545454547 0.0 0.3868312757201645 0.5809542057865492 0.6817713697219361 0.12267093453609655 0.0 0.1641221374045801 0.8936170212765959 0.9876191436784508 9.67 22.4
0.0003234802609602261 0.9500000000000001 0.08137829912023462 0.0 0.0639917695473251 0.822379766238743 0.31204943357363546 0.3626840291354837 0.13043478260869565 0.07061068702290074 0.22340425531914887 0.9896111755509607 3.81 48.5
0.006802526877635442 0.2 0.12866568914956011 0.0 0.5390946502057613 0.9854378233378044 0.8650875386199794 0.06105356964235377 0.17391304347826086 0.14694656488549612 0.042553191489361764 0.9818447728075042 5.12 50.0
0.0009688672166355626 0.3 0.16385630498533724 0.0 0.08847736625514402 0.5834451044261352 0.40473738414006183 0.4601569533232092 0.21739130434782608 0.215648854961832 0.4255319148936172 0.9669171415603408 7.37 23.3
0.018548749307068863 0.0 0.7008797653958945 0.0 0.9999999999999999 0.4907070319984671 0.972193614830072 0.044412516254580856 0.17391304347826086 0.41221374045801523 0.22340425531914887 0.9392304200917848 14.1 21.5
0.0017133888457531922 0.0 0.3793988269794722 0.0 0.057613168724279795 0.4598582103851313 0.15036045314109167 0.37807927688712273 0.13043478260869565 0.22519083969465642 0.7021276595744679 0.9496696757274699 9.88 21.7
0.26572903099341033 0.0 0.6466275659824048 0.0 0.588477366255144 0.5401417896148687 0.96086508753862 0.023324755158271884 1.0 0.91412213740458 0.8085106382978724 0.9999999999999999 23.69 13.1
0.0036431430502098018 0.0 0.21041055718475074 0.0 0.2510288065843621 0.48380915884269016 0.6035015447991761 0.22936463912557176 0.30434782608695654 0.22900763358778625 0.5106382978723403 0.9491905794543346 10.88 24.0
0.015022162556586567 0.0 0.7008797653958945 0.0 0.4526748971193414 0.47997700708948077 1.0 0.05707972246724079 0.17391304347826086 0.41221374045801523 0.22340425531914887 0.8915477331181603 6.43 24.3
0.06365817285580244 0.0 0.6466275659824048 1.0 0.5061728395061728 0.5981988886759916 0.9670442842430483 0.02065127445007231 1.0 0.91412213740458 0.8085106382978724 0.9456099652024812 3.73 50.0
0.10778243153750461 0.0 0.6466275659824048 0.0 0.6337448559670781 0.5447403717187201 1.0 0.04632214533186625 1.0 0.91412213740458 0.8085106382978724 0.9475767814816684 20.31 12.1
0.0003402275017118153 0.25 0.16129032258064516 0.0 0.08436213991769548 0.5251963977773518 0.3017507723995881 0.38839127390446393 0.13043478260869565 0.1793893129770992 0.6808510638297873 0.9999999999999999 6.72 24.8
0.27410939522454114 0.0 0.6466275659824048 0.0 0.648148148148148 0.2090438781375743 1.0 0.030699560785312233 1.0 0.91412213740458 0.8085106382978724 0.9999999999999999 28.28 10.5
0.026663518035541914 0.0 0.6466275659824048 0.0 0.40740740740740733 0.44261352749568894 0.4016477857878476 0.23592103229091838 1.0 0.91412213740458 0.8085106382978724 0.9340107922739422 13.34 20.6
0.0023701279579111494 0.0 0.37133431085043994 1.0 0.21399176954732513 0.4303506418854187 0.5242018537590113 0.22942829342814797 0.13043478260869565 0.17175572519083965 0.6382978723404256 0.9849715063795451 16.03 22.4
0.1781949127052886 0.0 0.6466275659824048 0.0 0.6049382716049384 0.4474037171872006 0.9526261585993822 0.07092908001345834 1.0 0.91412213740458 0.8085106382978724 0.018558676685662415 24.39 8.3
0.0026380838099365764 0.0 0.25366568914956017 0.0 0.2222222222222222 0.4832343360797088 0.4201853759011329 0.38977348161754677 0.17391304347826086 0.19083969465648848 0.7446808510638299 0.9999999999999999 12.79 22.2
0.0018769273376562944 0.0 0.33834310850439886 0.0 0.41152263374485576 0.41118988311937155 0.5262615859938208 0.11385936036519383 0.21739130434782608 0.38931297709923657 0.7021276595744679 0.9999999999999999 12.01 21.8
0.011774883814612317 0.0 0.28152492668621704 0.0 0.31481481481481477 0.45487641310595894 0.2718846549948507 0.3063590648273604 0.13043478260869565 0.22900763358778625 0.8936170212765959 0.9746583287104746 6.58 23.1
0.24777801206430763 0.0 0.6466275659824048 0.0 0.7304526748971193 0.43245832534968376 0.92173017507724 0.06698251325373515 1.0 0.91412213740458 0.8085106382978724 0.9862575016390136 22.11 10.5
0.12478133049072339 0.0 0.6466275659824048 0.0 0.5823045267489712 0.25771220540333384 1.0 0.004055688421282358 1.0 0.91412213740458 0.8085106382978724 0.9999999999999999 34.77 13.8
0.0004211537657463403 0.8 0.10667155425219943 0.0 0.026748971193415683 0.4265184901322091 0.29042224510813597 0.49849503041766324 0.13043478260869565 0.28625954198473275 0.37234042553191493 0.9999999999999999 10.24 19.4
0.001664945484921414 0.25 0.17118768328445746 0.0 0.13991769547325106 0.49511400651465787 0.27085478887744596 0.6079167765461176 0.30434782608695654 0.1851145038167939 0.7553191489361701 0.9843159009531495 6.86 23.3
0.004075761370027699 0.22 0.19794721407624635 0.0 0.09465020576131689 0.9001724468288944 0.05664263645726057 0.7072083950931628 0.26086956521739135 0.2729007633587786 0.6914893617021276 0.9999999999999999 3.54 42.8
0.000734293448524377 0.0 0.9233870967741936 0.0 0.4032921810699587 0.46809733665453146 0.8362512873326466 0.09710009184406516 0.043478260869565216 0.001908396946564861 0.6914893617021276 0.9515104140400424 14.27 20.3
0.002399126535856854 0.0 0.23643695014662755 0.0 0.12962962962962965 0.3910710864150221 0.6086508753861998 0.45086342514708694 0.08695652173913043 0.08778625954198471 0.5638297872340423 0.9999999999999999 16.2 19.4
0.00836170623136729 0.0 0.28152492668621704 0.0 0.31481481481481477 0.4527687296416939 0.9392378990731204 0.2973565277487292 0.13043478260869565 0.22900763358778625 0.8936170212765959 0.9935195925160119 16.3 15.6
0.0009521199758839734 0.0 0.07331378299120235 0.0 0.2119341563786007 0.6886376700517342 0.9196704428424305 0.1428584419245424 0.08695652173913043 0.011450381679389277 0.5531914893617023 0.9929900650562308 4.82 37.9
0.003748571988632558 0.22 0.19794721407624635 0.0 0.09465020576131689 0.48802452577122046 0.329557157569516 0.6298047631605271 0.26086956521739135 0.2729007633587786 0.6914893617021276 0.9830551212870039 9.16 24.3
0.0065609844590101725 0.0 0.7855571847507332 0.0 0.4917695473251028 0.538608928913585 0.9783728115345005 0.10892160517964154 0.13043478260869565 0.4770992366412213 0.9148936170212765 0.9719098290382773 11.12 23.0
0.0003311232970079312 0.2 0.10520527859237538 0.0 0.1191358024691358 0.8160567158459476 0.6343975283213182 0.3241913630204876 0.17391304347826086 0.05534351145038163 0.24468085106382986 0.9758182460033284 3.76 45.4
0.04880831580305605 0.0 0.6466275659824048 0.0 0.40123456790123446 0.4993293734431884 0.835221421215242 0.17312151606361792 1.0 0.91412213740458 0.8085106382978724 0.9999999999999999 16.29 19.9
0.0009027774343407005 0.45 0.1092375366568915 0.0 0.10699588477366251 0.6930446445679249 0.24098867147270858 0.4865189280615447 0.17391304347826086 0.4026717557251908 0.2765957446808509 0.9838368046800141 2.87 36.4
0.07342305058745724 0.0 0.6466275659824048 1.0 0.5061728395061728 0.6620042153669284 0.9742533470648815 0.006620047467922774 1.0 0.91412213740458 0.8085106382978724 0.9877704372383883 2.96 50.0
0.0005540077158696854 0.7000000000000001 0.0652492668621701 0.0 0.030864197530864224 0.6667944050584403 0.07312049433573636 0.6090989278796752 0.17391304347826086 0.3263358778625954 0.23404255319148937 0.9361541177063896 4.74 29.0
0.0005786227878468533 0.0 0.07331378299120235 0.0 0.2119341563786007 0.6551063422111517 0.5715756951596292 0.1545344597113732 0.08695652173913043 0.011450381679389277 0.5531914893617023 0.9999999999999999 5.04 37.2
0.0571412482516555 0.0 0.6466275659824048 0.0 0.6748971193415637 0.5242383598390495 0.9155509783728115 0.1126317416726532 1.0 0.91412213740458 0.8085106382978724 0.9702203842856422 17.27 16.1
0.0013628207658591873 0.3 0.16385630498533724 0.0 0.08847736625514402 0.5426326882544549 0.05046343975283214 0.5370513508352355 0.21739130434782608 0.215648854961832 0.4255319148936172 0.9440465984164607 5.19 23.7
0.07235853302263642 0.0 0.6466275659824048 0.0 0.40946502057613154 0.54876413105959 0.7404737384140061 0.09737289599796307 1.0 0.91412213740458 0.8085106382978724 0.246179837611579 12.03 16.1
0.008743183648218926 0.0 0.28152492668621704 0.0 0.31481481481481477 0.46541483042728504 0.811534500514933 0.2844710782129509 0.13043478260869565 0.22900763358778625 0.8936170212765959 0.9744061727772455 14.67 17.5
0.001452401644241849 0.125 0.2056451612903226 0.0 0.0493827160493826 0.3895382257137384 0.349124613800206 0.48817393992852537 0.13043478260869565 0.30152671755725186 0.6702127659574466 0.9999999999999999 13.09 17.4
0.0006755095095104097 0.0 0.1315982404692082 0.0 0.257201646090535 0.6321134316918952 0.7363542739443872 0.1623821258718366 0.17391304347826086 0.20801526717557245 0.4255319148936172 0.9858036209592012 6.92 29.9
0.0037627340848385995 0.0 0.25366568914956017 0.0 0.2222222222222222 0.5468480551829852 0.38311019567456234 0.3265920395747893 0.17391304347826086 0.19083969465648848 0.7446808510638299 0.9999999999999999 6.12 25.0
0.025936642827887366 0.0 0.7008797653958945 0.0 0.4526748971193414 0.44433799578463307 0.972193614830072 0.11449590339095565 0.17391304347826086 0.41221374045801523 0.22340425531914887 0.8770235513641635 12.03 19.1
0.0915525568877917 0.0 0.6466275659824048 0.0 0.648148148148148 0.350450277831002 0.9886714727085479 0.05442442870263438 1.0 0.91412213740458 0.8085106382978724 0.9999999999999999 20.85 11.5
0.00182870877200239 0.0 0.9233870967741936 0.0 0.4032921810699587 0.464648400076643 0.8805355303810505 0.07850394202002382 0.043478260869565216 0.001908396946564861 0.6914893617021276 0.9700438751323819 14.81 21.4
0.01333732269842333 0.0 0.7855571847507332 0.0 0.4917695473251028 0.5297949798812033 0.976313079299691 0.10379288708636071 0.13043478260869565 0.4770992366412213 0.9148936170212765 0.9999999999999999 12.26 19.6
0.008617185951020727 0.0 0.28152492668621704 0.0 0.31481481481481477 0.562176662195823 0.9423274974253347 0.3023670307086542 0.13043478260869565 0.22900763358778625 0.8936170212765959 0.9774068283826719 12.8 18.4
0.06538943291819659 0.0 0.6466275659824048 0.0 0.30246913580246926 0.5136999425177237 0.6364572605561277 0.20865880384471985 1.0 0.91412213740458 0.8085106382978724 0.9999999999999999 10.74 23.0
0.026672172649890052 0.0 0.7008797653958945 0.0 0.9999999999999999 0.492239892699751 1.0 0.026325600851148975 0.17391304347826086 0.41221374045801523 0.22340425531914887 0.435195925160119 27.8 13.8
0.06592939093544917 0.0 0.6466275659824048 0.0 0.6337448559670781 0.5449319793063806 0.9588053553038105 0.04975947767098003 1.0 0.91412213740458 0.8085106382978724 0.9999999999999999 19.37 12.5
0.015155690892243532 0.0 0.28152492668621704 0.0 0.31481481481481477 0.4811266526154435 1.0 0.2769325900935718 0.13043478260869565 0.22900763358778625 0.8936170212765959 0.9491401482676888 13.04 14.5
0.16201527977783042 0.0 0.6466275659824048 0.0 0.7304526748971193 0.5556620042153669 0.9309989701338826 0.07938600878429379 1.0 0.91412213740458 0.8085106382978724 0.06851076705834887 18.05 9.6
0.0007050700754007986 0.0 0.06304985337243403 0.0 0.15020576131687247 0.6871048093504503 0.5283213182286303 0.44854458983895457 0.08695652173913043 0.06679389312977096 0.6489361702127658 0.9999999999999999 5.33 36.2
0.007309552401329528 0.2 0.12866568914956011 0.0 0.5390946502057613 0.6286644951140065 1.0 0.08012257999981813 0.17391304347826086 0.14694656488549612 0.042553191489361764 0.9874678501185133 6.9 30.1
0.0013613595972030085 0.0 0.23643695014662755 0.0 0.12962962962962965 0.6148687488024526 0.0 0.41750857059716834 0.08695652173913043 0.08778625954198471 0.5638297872340423 0.9710272832719755 4.84 26.6
0.0010241668303924878 0.0 0.20161290322580644 0.0 0.23456790123456794 0.43686529986587475 0.6024716786817713 0.20444852640289535 0.17391304347826086 0.17557251908396948 0.7021276595744679 0.9512330425134904 11.41 20.0
0.1036977907579509 0.0 0.6466275659824048 0.0 0.5061728395061728 0.5087181452385515 1.0 0.003591921359655914 1.0 0.91412213740458 0.8085106382978724 0.922462050532049 9.53 50.0
0.004224126187424328 0.0 0.21041055718475074 0.0 0.24485596707818924 0.8582103851312511 0.8609680741503605 0.18969891514881465 0.30434782608695654 0.22900763358778625 0.5106382978723403 0.9759947551565888 3.13 37.6
0.007007315284678365 0.0 0.28152492668621704 0.0 0.31481481481481477 0.4575589193332056 0.6065911431513903 0.325355327410452 0.13043478260869565 0.22900763358778625 0.8936170212765959 0.9999999999999999 8.26 20.4
0.0013507942238429455 0.25 0.17118768328445746 0.0 0.13991769547325106 0.6133358881011687 0.41709577754891863 0.6230210332002656 0.30434782608695654 0.1851145038167939 0.7553191489361701 0.9966715416813757 9.5 25.0
0.0003161744176793315 0.8250000000000001 0.057551319648093846 0.0 0.061728395061728336 0.4983713355048859 0.36560247167868176 0.46744082423228356 0.043478260869565216 0.30725190839694655 0.22340425531914887 0.9921075192899289 7.43 24.1
0.000149825986052808 0.8 0.047653958944281524 0.0 0.0 0.5114006514657982 0.2945417095777549 0.7238039811219527 0.0 0.10305343511450377 0.5957446808510638 0.8605577689243029 12.93 20.1
0.003654607604281359 0.0 0.21041055718475074 0.0 0.2510288065843621 0.8978731557769687 0.6951596292481977 0.22936463912557176 0.30434782608695654 0.22900763358778625 0.5106382978723403 0.954738009985375 3.95 48.3
0.00017477825079678655 0.6 0.09054252199413491 0.0 0.03292181069958855 0.6206169764322668 0.07209062821833163 0.46285771444679863 0.0 0.14885496183206098 0.31914893617021267 0.9910988955570125 5.03 31.1
0.0011217279375896653 0.3 0.16385630498533724 0.0 0.08847736625514402 0.4855336271316343 0.6405767250257466 0.47345160908983447 0.21739130434782608 0.215648854961832 0.4255319148936172 0.9942508447223763 12.4 20.1
0.001854785012635737 0.0 0.3500733137829912 0.0 0.33333333333333337 0.45353515999233573 0.878475798146241 0.12126144640762397 0.21739130434782608 0.46755725190839686 0.5531914893617023 0.8689041303141863 15.76 18.3
0.04235882975227122 0.0 0.6466275659824048 0.0 0.5555555555555557 0.45813374209618696 0.8424304840370752 0.15839918522492702 1.0 0.91412213740458 0.8085106382978724 0.05469262191739372 17.15 19.0
0.000998090589759141 0.0 0.45344574780058655 0.0 0.10699588477366251 0.5221306763747843 0.43357363542739447 0.30672280369922433 0.17391304347826086 0.4026717557251908 0.6489361702127658 0.9655302839275809 8.94 21.4
0.030658128346357214 0.0 0.7008797653958945 0.0 0.9999999999999999 0.3901130484767198 0.9474768280123584 0.03601924178632161 0.17391304347826086 0.41221374045801523 0.22340425531914887 0.8864037520802865 21.45 15.4
0.0001391482151038082 0.85 0.13526392961876835 0.0 0.09053497942386823 0.5662004215366928 0.2554067971163749 0.6734352408406006 0.13043478260869565 0.31297709923664113 0.5638297872340423 0.9887286297846588 6.36 23.1
0.10489583665842867 0.0 0.6466275659824048 0.0 0.6049382716049384 0.5401417896148687 0.9546858908341915 0.0762578544862643 1.0 0.91412213740458 0.8085106382978724 0.15230218367038176 24.08 9.5
0.004826240071358981 0.0 0.37133431085043994 1.0 0.21399176954732513 0.3416363287986205 1.0 0.24965217470378015 0.13043478260869565 0.17175572519083965 0.6382978723404256 0.9999999999999999 23.09 20.0
0.0 0.18 0.06781524926686218 0.0 0.31481481481481477 0.5775052692086607 0.6416065911431514 0.26920313906646415 0.0 0.20801526717557245 0.2872340425531916 0.9999999999999999 4.98 24.0
0.012874019836825677 0.0 0.28152492668621704 0.0 0.31481481481481477 0.4100402375934086 0.9485066941297631 0.24166810646636777 0.13043478260869565 0.22900763358778625 0.8936170212765959 0.9038529426597407 18.35 13.1
0.06361759732619623 0.0 0.6466275659824048 0.0 0.7304526748971193 0.5092929680015329 1.0 0.0795860651638189 1.0 0.91412213740458 0.8085106382978724 0.9969489132079278 16.59 18.4
0.000488817114286318 0.21 0.18988269794721407 0.0 0.11111111111111105 0.4669476911285687 0.19052523171987643 0.5169729651083488 0.13043478260869565 0.10687022900763354 0.44680851063829796 0.9999999999999999 8.43 23.4
0.0009478488675043733 0.2 0.2382697947214076 1.0 0.1625514403292181 0.45200229929105185 0.6035015447991761 0.253516900217334 0.08695652173913043 0.06870229007633583 0.6382978723404256 0.9859801301124614 13.65 20.7
0.00261661587044964 0.0 0.33834310850439886 0.0 0.41152263374485576 0.47097145046943856 0.6426364572605561 0.11635097163746148 0.21739130434782608 0.38931297709923657 0.7021276595744679 0.9999999999999999 12.92 21.2
0.0010084311679413303 0.4 0.21810850439882698 0.0 0.12757201646090532 0.6309637861659322 0.41091658084449023 0.285325864561831 0.13043478260869565 0.1278625954198473 0.5319148936170215 0.9999999999999999 2.98 32.0
0.23277405791712882 0.0 0.6466275659824048 0.0 0.5637860082304528 0.11055757808009192 1.0 0.004410333821349657 1.0 0.91412213740458 0.8085106382978724 0.9327247970144739 23.34 11.9
0.004152641320860498 0.0 0.37133431085043994 1.0 0.21399176954732513 0.35313278405824866 0.8825952626158599 0.23055588393092602 0.13043478260869565 0.17175572519083965 0.6382978723404256 0.9958142115083968 23.98 19.3
0.04319866453680729 0.0 0.6466275659824048 1.0 0.7921810699588477 0.5430159034297758 0.9073120494335736 0.1250897980339914 1.0 0.91412213740458 0.8085106382978724 0.9859801301124614 13.27 21.7
0.0024509418243567373 0.0 0.33834310850439886 0.0 0.41152263374485576 0.47250431117072245 0.7909371781668383 0.12445325500822961 0.21739130434782608 0.38931297709923657 0.7021276595744679 0.9999999999999999 14.33 16.8
0.004078683707340057 0.0 0.3460410557184751 0.0 0.3271604938271605 0.5759724085073769 0.8692070030895983 0.22485427711445954 0.13043478260869565 0.22328244274809156 0.6170212765957446 0.9969489132079278 9.28 23.8
0.0031839988994028096 0.0 0.33834310850439886 0.0 0.41152263374485576 0.350450277831002 0.7209062821833162 0.15177004428520763 0.21739130434782608 0.38931297709923657 0.7021276595744679 0.9999999999999999 21.14 19.7
9.767350478611415e-05 0.8 0.05681818181818181 0.0 0.10288065843621397 0.5890017244682889 0.2760041194644696 0.6560394292937101 0.13043478260869565 0.17748091603053434 0.46808510638297873 0.9849715063795451 5.99 24.5
0.0026851783997011124 0.0 0.3460410557184751 0.0 0.3271604938271605 0.4255604521939068 0.7085478887744593 0.263901645009048 0.13043478260869565 0.22328244274809156 0.6170212765957446 0.9999999999999999 15.94 19.8
0.004894465407843643 0.0 0.21041055718475074 0.0 0.24485596707818924 0.5730982946924698 0.19052523171987643 0.20419390919259067 0.30434782608695654 0.22900763358778625 0.5106382978723403 0.9582429774572595 3.76 31.5
0.0025106249440821995 0.0 0.37133431085043994 0.0 0.21399176954732513 0.5297949798812033 0.5108135942327497 0.2932917458556502 0.13043478260869565 0.17175572519083965 0.6382978723404256 0.9948812345554491 10.97 24.4
0.002892102360933835 0.0 0.29692082111436957 0.0 0.2777777777777778 0.5112090438781375 0.9093717816683832 0.12871809328083372 0.17391304347826086 0.37595419847328243 0.8829787234042552 0.9857027585859096 15.55 19.4
0.10547738178358788 0.0 0.6466275659824048 0.0 0.7304526748971193 0.39586127610653377 0.9371781668383111 0.0625267120734025 1.0 0.91412213740458 0.8085106382978724 0.9999999999999999 22.88 12.8
0.002761271567411353 0.0 0.37133431085043994 0.0 0.21399176954732513 0.4257520597815675 0.7188465499485067 0.2932917458556502 0.13043478260869565 0.17175572519083965 0.6382978723404256 0.9811639517877856 18.06 22.5
0.03966162481055387 0.0 0.7008797653958945 1.0 0.9999999999999999 0.4964552596282813 0.8208032955715756 0.0560066927952423 0.17391304347826086 0.41221374045801523 0.22340425531914887 0.22111553784860558 15.02 15.6
0.0008140957366695336 0.45 0.1092375366568915 0.0 0.10699588477366251 0.6171680398543783 0.3934088568486097 0.2417954150715202 0.17391304347826086 0.4026717557251908 0.2765957446808509 0.992359675223158 6.68 32.0
0.00021479179245830165 0.55 0.12170087976539588 0.0 0.2037037037037036 0.6006897873155775 0.5509783728115345 0.41852703943838715 0.17391304347826086 0.34923664122137404 0.5319148936170215 0.9999999999999999 7.18 23.9
0.015820297835627068 0.0 0.7008797653958945 1.0 0.9999999999999999 0.4920482851120903 0.9588053553038105 0.0563613381953096 0.17391304347826086 0.41221374045801523 0.22340425531914887 0.8086640778657521 15.12 17.0
0.00030650822503076327 0.75 0.09127565982404694 0.0 0.08847736625514402 0.6635370760682123 0.13285272914521115 0.38842764779165034 0.08695652173913043 0.12404580152671751 0.6063829787234043 0.9967724040546674 1.98 34.9
8.182544474601967e-05 0.75 0.12976539589442815 0.0 0.05144032921810693 0.44587085648591673 0.4603501544799177 0.5628949976811648 0.08695652173913043 0.5381679389312977 0.9042553191489362 0.9999999999999999 14.8 18.9
0.027429058013790735 0.0 0.7008797653958945 0.0 0.9999999999999999 0.3278405824870666 0.9382080329557158 0.05517918686175195 0.17391304347826086 0.41221374045801523 0.22340425531914887 0.22267890463462603 16.14 13.1
0.07637247571874886 0.0 0.6466275659824048 0.0 0.6748971193415637 0.48285112090438786 0.839340885684861 0.14439523865816728 1.0 0.91412213740458 0.8085106382978724 0.9999999999999999 14.7 20.0
0.00025210779198533257 0.28 0.5344574780058651 0.0 0.1625514403292181 0.5077601073002492 0.26776519052523173 0.23063772517709535 0.13043478260869565 0.1583969465648855 0.5957446808510638 0.998562711180594 6.21 25.0
0.0030712641176991583 0.0 0.33834310850439886 0.0 0.41152263374485576 0.4531519448170148 0.4088568486096808 0.11385936036519383 0.21739130434782608 0.38931297709923657 0.7021276595744679 0.9999999999999999 13.59 24.5
0.0018589437234264 0.25 0.17118768328445746 0.0 0.13991769547325106 0.4608162483234336 0.9320288362512874 0.5173185170366195 0.30434782608695654 0.1851145038167939 0.7553191489361701 0.9525442533662817 14.44 16.0
0.017002383278475815 0.0 0.7008797653958945 1.0 0.4526748971193414 0.9223989269975091 0.9371781668383111 0.09388100282806973 0.17391304347826086 0.41221374045801523 0.22340425531914887 0.9786928236421403 3.32 50.0
0.06434582130491803 0.0 0.6466275659824048 0.0 0.30246913580246926 0.6706265568116497 0.7631307929969104 0.20742209168038267 1.0 0.91412213740458 0.8085106382978724 0.9959150738816884 7.01 25.0
0.037256765997661236 0.0 0.7008797653958945 1.0 0.9999999999999999 0.3529411764705882 1.0 0.017459465849466685 0.17391304347826086 0.41221374045801523 0.22340425531914887 0.9999999999999999 26.82 13.4
0.0827335048670404 0.0 0.6466275659824048 0.0 0.6049382716049384 0.5043111707223605 0.7744593202883624 0.07329338268057363 1.0 0.91412213740458 0.8085106382978724 0.2431035352261839 21.52 11.0
0.00036405579056642543 0.525 0.1781524926686217 0.0 0.04115226337448563 0.5073768921249281 0.29248197734294545 0.5626676608862498 0.21739130434782608 0.20229007633587787 0.4255319148936172 0.9999999999999999 7.14 23.2
0.007099481307606574 0.0 0.28152492668621704 0.0 0.31481481481481477 0.48572523471929496 0.8403707518022657 0.30302176067800923 0.13043478260869565 0.22900763358778625 0.8936170212765959 0.9574360784709264 10.26 18.2
0.020163677864913385 0.0 0.7008797653958945 0.0 0.4526748971193414 0.4437631730216517 0.7857878475798147 0.11787867489928981 0.17391304347826086 0.41221374045801523 0.22340425531914887 0.5731252206364417 12.14 23.8
0.0015193906072482057 0.0 0.23643695014662755 0.0 0.12962962962962965 0.4997125886185093 0.03810504634397528 0.41750857059716834 0.08695652173913043 0.08778625954198471 0.5638297872340423 0.9658833022341016 5.81 25.3
0.000512083415196244 0.0 0.14772727272727273 0.0 0.13168724279835387 0.4702050201187967 0.4346035015447992 0.29986632596459 0.08695652173913043 0.1145038167938931 0.6276595744680851 0.9977053810076152 12.86 22.5
0.0015284948119520898 0.0 0.3500733137829912 0.0 0.33333333333333337 0.5159992335696492 0.8372811534500515 0.10247433367585411 0.21739130434782608 0.46755725190839686 0.5531914893617023 0.9794240758485048 10.45 18.5
0.002125101214028838 0.0 0.3793988269794722 0.0 0.057613168724279795 0.514274765280705 0.03398558187435634 0.37807927688712273 0.13043478260869565 0.22519083969465642 0.7021276595744679 0.9502496343738969 7.54 23.4
0.05113584507476013 0.0 0.6466275659824048 0.0 0.685185185185185 0.0 0.8753861997940269 0.043976029608344167 1.0 0.91412213740458 0.8085106382978724 0.893590196177316 7.12 27.5
0.0013678786573613452 0.0 0.29692082111436957 0.0 0.2777777777777778 0.5581529028549531 0.9701338825952626 0.11851521792505161 0.17391304347826086 0.37595419847328243 0.8829787234042552 0.9958142115083968 12.27 19.8
0.0008491637844178277 0.0 0.08907624633431087 0.0 0.12345679012345678 0.8160567158459476 0.35015447991761073 0.2151151688203039 0.043478260869565216 0.1698473282442748 0.574468085106383 0.991502345050179 3.57 43.8
0.0007043956898671775 0.0 0.9233870967741936 0.0 0.4032921810699587 0.44242191990802826 0.6879505664263645 0.10258345533741327 0.043478260869565216 0.001908396946564861 0.6914893617021276 0.980457915174744 14.37 22.0
0.03548706595985068 0.0 0.6466275659824048 0.0 0.5555555555555557 0.42115347767771605 0.4665293511843461 0.1761314552282916 1.0 0.91412213740458 0.8085106382978724 0.842402541731807 14.13 19.9
0.04738761027889438 0.0 0.6466275659824048 1.0 0.7921810699588477 0.42958421153477666 0.8867147270854789 0.07048349989542509 1.0 0.91412213740458 0.8085106382978724 0.8894044076857129 14.64 16.8
0.04782506169503657 0.0 0.6466275659824048 0.0 0.7921810699588477 0.4887909561218625 0.8074150360453141 0.1254444434340587 1.0 0.91412213740458 0.8085106382978724 0.984467194513087 12.67 22.6
0.029551124492918274 0.0 0.3460410557184751 0.0 0.3271604938271605 0.27054991377658555 0.35942327497425336 0.12638107102910823 0.13043478260869565 0.22328244274809156 0.6170212765957446 0.882873569015079 12.64 16.1
0.024085229742919736 0.0 0.7008797653958945 0.0 0.9999999999999999 0.41157309829469246 0.984552008238929 0.0448853767880039 0.17391304347826086 0.41221374045801523 0.22340425531914887 0.6597155681073176 15.79 19.4
0.2031955084125099 0.0 0.6466275659824048 0.0 0.6049382716049384 0.5504885993485343 1.0 0.06411806963780702 1.0 0.91412213740458 0.8085106382978724 0.06790559281859901 29.05 7.2
0.12536916988086305 0.0 0.6466275659824048 0.0 0.7304526748971193 0.5878520789423259 0.9443872296601441 0.09048913784793895 1.0 0.91412213740458 0.8085106382978724 0.27618639366584297 23.27 13.4
0.014242348084542769 0.0 0.7008797653958945 1.0 0.4526748971193414 0.5152328032190076 0.9237899073120494 0.060817139375642246 0.17391304347826086 0.41221374045801523 0.22340425531914887 0.8537999899137627 5.5 27.0
0.001369452223606461 0.125 0.2056451612903226 0.0 0.0493827160493826 0.44529603372293536 0.309989701338826 0.48817393992852537 0.13043478260869565 0.30152671755725186 0.6702127659574466 0.9999999999999999 8.79 20.9
0.09263550765719814 0.0 0.6466275659824048 0.0 0.6748971193415637 0.7342402759149261 0.9927909371781669 0.12031572534077788 1.0 0.91412213740458 0.8085106382978724 0.9469716072419184 16.74 17.8
0.07178609210218109 0.0 0.6466275659824048 0.0 0.40946502057613154 0.4983713355048859 0.9732234809474769 0.09788213041857251 1.0 0.91412213740458 0.8085106382978724 0.7626204044581169 24.1 13.3
0.0004935378130216653 0.35000000000000003 0.20527859237536655 0.0 0.10884773662551439 0.4109982755317111 0.262615859938208 0.5011503241822696 0.0 0.22328244274809156 0.457446808510638 0.9927379091230016 12.43 17.1
0.0011607299009507488 0.0 0.42045454545454547 0.0 0.3868312757201645 0.6194673309063038 0.8898043254376931 0.11451409033454883 0.0 0.1641221374045801 0.8936170212765959 0.9913006203035958 6.48 22.0
0.00027076579174884803 0.0 0.17338709677419356 0.0 0.2674897119341565 0.44721210959953994 0.583934088568486 0.40787858396457183 0.17391304347826086 0.07061068702290074 0.8085106382978724 0.9947299409955116 10.56 18.5
0.003339894355258207 0.0 0.25366568914956017 0.0 0.2222222222222222 0.5271124736539566 0.26776519052523173 0.38977348161754677 0.17391304347826086 0.19083969465648848 0.7446808510638299 0.9999999999999999 6.15 23.0
0.0005002816683578758 0.0 0.17338709677419356 0.0 0.2674897119341565 0.5278789040045985 0.3625128733264676 0.4845729250970728 0.17391304347826086 0.07061068702290074 0.8085106382978724 0.9818699884008271 5.68 22.2
0.0540161456888556 0.0 0.6466275659824048 0.0 0.6748971193415637 0.60164782525388 0.8970133882595263 0.13348307250225067 1.0 0.91412213740458 0.8085106382978724 0.6427706893943215 16.42 16.4
0.14382373000840284 0.0 0.6466275659824048 0.0 0.7304526748971193 0.4393561985054609 0.9649845520082388 0.06965599396193474 1.0 0.91412213740458 0.8085106382978724 0.6056785516163196 23.79 10.8
0.22033052084593124 0.0 0.6466275659824048 0.0 0.588477366255144 0.7189116689020886 0.9783728115345005 0.016977511844247034 1.0 0.91412213740458 0.8085106382978724 0.9999999999999999 13.44 15.0
7.51939869987461e-05 0.35000000000000003 0.03885630498533725 0.0 0.11728395061728392 0.7051159225905345 0.47785787847579814 0.5372695941583537 0.0 0.1851145038167939 0.3085106382978724 0.9945534318422513 5.49 32.7
0.007481071122047147 0.0 0.28152492668621704 0.0 0.31481481481481477 0.43150028741138147 0.9001029866117405 0.32303649210231977 0.13043478260869565 0.22900763358778625 0.8936170212765959 0.9495183821675324 14.81 16.6
0.10478568702127058 0.0 0.6466275659824048 0.0 0.6748971193415637 0.5027783100210766 0.9866117404737385 0.10293810073748057 1.0 0.91412213740458 0.8085106382978724 0.9999999999999999 18.13 14.1
0.002046085709006239 0.0 0.23643695014662755 0.0 0.12962962962962965 0.42632688254454865 0.31307929969104015 0.3610835780992825 0.08695652173913043 0.08778625954198471 0.5638297872340423 0.9999999999999999 14.15 20.0
0.0005735648963446956 0.0 0.14772727272727273 0.0 0.13168724279835387 0.5880436865299866 0.5478887744593203 0.3008211405032328 0.08695652173913043 0.1145038167938931 0.6276595744680851 0.988400827071461 6.53 26.6
0.005851530877640837 0.0 0.21041055718475074 0.0 0.24485596707818924 0.989461582678674 0.8249227600411946 0.16048159026634778 0.30434782608695654 0.22900763358778625 0.5106382978723403 0.9624287659488628 4.63 50.0
0.005964715249700236 0.0 0.21041055718475074 0.0 0.24485596707818924 0.4636903621383407 0.6714727085478887 0.23114695959770482 0.30434782608695654 0.22900763358778625 0.5106382978723403 0.9532250743860003 11.65 24.3
0.211360069272882 0.0 0.6466275659824048 0.0 0.4362139917695472 0.20444529603372297 1.0 0.03858360083296204 1.0 0.91412213740458 0.8085106382978724 0.07178879419032728 34.37 17.9
0.00037417157357074105 0.0 0.17338709677419356 0.0 0.2674897119341565 0.47442038704732703 0.32543769309989706 0.4415517100273713 0.17391304347826086 0.07061068702290074 0.8085106382978724 0.9999999999999999 8.01 21.1
0.0016259435215603304 0.0 0.3500733137829912 0.0 0.33333333333333337 0.4713546656447595 0.8208032955715756 0.14711418672534987 0.21739130434782608 0.46755725190839686 0.5531914893617023 0.9939734731958243 10.3 19.2
0.001989999312126756 0.0 1.0 0.0 0.4609053497942387 0.35504885993485324 0.9824922760041195 0.056906946503105446 0.13043478260869565 1.0 0.7978723404255321 0.866735589288416 23.97 7.0
0.062658845892565 0.0 0.6466275659824048 0.0 0.6748971193415637 0.550871814523855 0.8753861997940269 0.10786676245123626 1.0 0.91412213740458 0.8085106382978724 0.2518281305159111 16.22 14.3
0.09047410202194271 0.0 0.6466275659824048 0.0 0.40946502057613154 0.3575397585744394 0.9526261585993822 0.11823332029935711 1.0 0.91412213740458 0.8085106382978724 0.8882444903928589 18.14 13.8
0.0018964845181313047 0.0 0.20161290322580644 0.0 0.23456790123456794 0.4608162483234336 0.28115345005149334 0.24713328301612275 0.17391304347826086 0.17557251908396948 0.7021276595744679 0.99125018911695 10.13 24.7
0.0706053554303996 0.0 0.6466275659824048 0.0 0.7304526748971193 0.5326690936961104 0.9629248197734295 0.08569687821113224 1.0 0.91412213740458 0.8085106382978724 0.801074184275556 17.79 14.9
0.0008153321101478388 0.8 0.16458944281524926 0.0 0.053497942386831254 0.6872964169381107 0.2554067971163749 0.36256581400212784 0.13043478260869565 0.11068702290076332 0.7021276595744679 0.9999999999999999 3.56 37.3
0.08976251288638357 0.0 0.6466275659824048 0.0 0.648148148148148 0.3753592642268634 1.0 0.0366921586992698 1.0 0.91412213740458 0.8085106382978724 0.9999999999999999 24.56 12.3
0.0060492382365807396 0.0 0.7855571847507332 0.0 0.4917695473251028 0.49626365204062084 0.9783728115345005 0.049022906455455637 0.13043478260869565 0.4770992366412213 0.9148936170212765 0.9999999999999999 18.46 17.8
0.27869409287727487 0.0 0.6466275659824048 0.0 0.6337448559670781 0.3425943667369228 0.9588053553038105 0.052123780338095296 1.0 0.91412213740458 0.8085106382978724 0.9999999999999999 19.77 8.3
0.0005314158004933805 0.21 0.18988269794721407 0.0 0.11111111111111105 0.5652423835983905 0.18743563336766222 0.5169729651083488 0.13043478260869565 0.10687022900763354 0.44680851063829796 0.9999999999999999 5.28 25.0
0.00010183221557677722 0.9 0.12060117302052788 0.0 0.01851851851851849 0.745928338762215 0.32234809474768283 0.47345160908983447 0.08695652173913043 0.10877862595419846 0.35106382978723394 0.973372333451006 3.11 44.0
0.11302679063970864 0.0 0.6466275659824048 0.0 0.40946502057613154 0.6269400268250623 0.94129763130793 0.087170020642181 1.0 0.91412213740458 0.8085106382978724 0.2042715215089011 19.69 14.1
0.00848938989239954 0.2 0.12866568914956011 0.0 0.5390946502057613 0.38302356773328217 0.6168898043254376 0.07792195982504162 0.17391304347826086 0.14694656488549612 0.042553191489361764 0.9886529830046901 10.45 22.8
0.006429366882365133 0.2 0.12866568914956011 0.0 0.39094650205761294 0.9074535351599925 0.6601441812564366 0.11748765561203615 0.17391304347826086 0.14694656488549612 0.042553191489361764 0.9688335266528822 7.44 50.0
0.0004534118737712134 0.8 0.03885630498533725 0.0 0.039094650205761305 0.6794405058440315 0.34706488156539655 0.5619219961989289 0.043478260869565216 0.27099236641221375 0.0 0.8926067880377225 8.61 30.3
0.0008716433022051957 0.0 0.45344574780058655 0.0 0.10699588477366251 0.4431883502586701 0.34706488156539655 0.30672280369922433 0.17391304347826086 0.4026717557251908 0.6489361702127658 0.9978818901608755 9.1 20.3
0.0023032513924937294 0.125 0.27162756598240473 0.0 0.28600823045267487 0.3966277064571758 1.0 0.4503541907264775 0.17391304347826086 0.2366412213740458 0.2765957446808509 0.9741035856573705 29.93 16.5
0.0002359225391784276 0.0 0.2423020527859238 0.0 0.17283950617283939 0.5479977007089482 0.7826982492276005 0.3489619801944185 0.043478260869565216 0.10496183206106868 0.5531914893617023 0.9999999999999999 9.14 21.6
0.0013966524401291763 0.0 0.3500733137829912 0.0 0.33333333333333337 0.4428051350833492 0.7229660144181256 0.12257090634633398 0.21739130434782608 0.46755725190839686 0.5531914893617023 0.8530687377073982 15.37 20.4
0.11148188577977175 0.0 0.6466275659824048 0.0 0.7304526748971193 0.515424410806668 0.9649845520082388 0.09715465267484473 1.0 0.91412213740458 0.8085106382978724 0.9788693327954007 16.44 12.6
0.0006502200519996206 0.0 0.20161290322580644 0.0 0.23456790123456794 0.454493197930638 0.6725025746652935 0.20284807536669425 0.17391304347826086 0.17557251908396948 0.7021276595744679 0.9999999999999999 9.68 18.9
0.001607285521796815 0.25 0.17118768328445746 0.0 0.13991769547325106 0.4177045410998276 0.6519052523171988 0.5543198537769736 0.30434782608695654 0.1851145038167939 0.7553191489361701 0.995486408795199 13.15 18.7
0.0013147145977942198 0.0 0.3500733137829912 0.0 0.33333333333333337 0.45066104617742864 0.9268795056642637 0.11128590784675683 0.21739130434782608 0.46755725190839686 0.5531914893617023 0.9950829593020324 16.21 18.8
0.2539149204202591 0.0 0.6466275659824048 0.0 0.648148148148148 0.27572331864341826 0.8918640576725025 0.03535541834517002 1.0 0.91412213740458 0.8085106382978724 0.9999999999999999 31.99 7.4
0.005273132884971858 0.0 0.3460410557184751 0.0 0.3271604938271605 0.488982563709523 0.5756951596292481 0.26119179041366203 0.13043478260869565 0.22328244274809156 0.6170212765957446 0.998310555247365 12.73 21.0
0.07818185210545413 0.0 0.6466275659824048 0.0 0.648148148148148 0.4123395286453343 0.9691040164778579 0.07246587674708328 1.0 0.91412213740458 0.8085106382978724 0.993771748449241 17.11 15.1
0.10318885447524488 0.0 0.6466275659824048 0.0 0.648148148148148 0.37842498562943094 1.0 0.04099337085906028 1.0 0.91412213740458 0.8085106382978724 0.9999999999999999 23.6 11.3
0.0025059042453468524 0.0 0.23643695014662755 0.0 0.12962962962962965 0.4730791339337038 0.850669412976313 0.41464412698124015 0.08695652173913043 0.08778625954198471 0.5638297872340423 0.9895103131776691 18.8 16.6
5.2152481266693853e-05 0.55 0.06561583577712611 0.0 0.008230452674897082 0.5541291435140833 0.29866117404737386 0.5617674071783867 0.0 0.215648854961832 0.2872340425531916 0.9945030006556055 8.23 22.0
0.05240548823939068 0.0 0.6466275659824048 0.0 0.6748971193415637 0.4627323242000384 0.8753861997940269 0.13194627576862572 1.0 0.91412213740458 0.8085106382978724 0.025619042816077464 19.01 12.7
0.134256447238099 0.0 0.6466275659824048 0.0 0.5637860082304528 0.39222073194098483 1.0 0.014149442115505284 1.0 0.91412213740458 0.8085106382978724 0.8365777396742144 12.13 27.9
0.0004618416929414764 0.0 0.42045454545454547 0.0 0.3868312757201645 0.4730791339337038 0.8022657054582903 0.12507161109039822 0.0 0.1641221374045801 0.8936170212765959 0.9999999999999999 7.88 11.9
0.02578490608282263 0.0 0.7008797653958945 0.0 0.4526748971193414 0.5284537267675801 0.9598352214212151 0.08824305031417946 0.17391304347826086 0.41221374045801523 0.22340425531914887 0.7483231630440264 11.1 23.8
0.0009589762288091206 0.0 0.3793988269794722 0.0 0.057613168724279795 0.4797853995018203 0.05046343975283214 0.37807927688712273 0.13043478260869565 0.22519083969465642 0.7021276595744679 0.9848958595995765 5.52 22.8
0.004963365129861926 0.0 0.21041055718475074 1.0 0.2510288065843621 0.6064380149453917 0.654994850669413 0.22936463912557176 0.30434782608695654 0.22900763358778625 0.5106382978723403 0.907458772504917 8.05 29.0
0.0015083756435323955 0.0 0.37133431085043994 0.0 0.21399176954732513 0.5391837516765664 0.3027806385169928 0.2560539788485846 0.13043478260869565 0.17175572519083965 0.6382978723404256 0.9720359070048918 9.38 28.1
0.10089526927539973 0.0 0.6466275659824048 1.0 0.7921810699588477 0.5079517148879095 0.9732234809474769 0.09026180105302405 1.0 0.91412213740458 0.8085106382978724 0.9516617075999799 17.6 17.8
0.0831469031991501 0.0 0.6466275659824048 0.0 0.4362139917695472 0.3939452002299292 0.9783728115345005 0.02956287681073759 1.0 0.91412213740458 0.8085106382978724 0.792576529325735 26.4 17.2
0.000921323036515279 0.125 0.27162756598240473 0.0 0.28600823045267487 0.4696301973558151 0.6560247167868176 0.4029226418354264 0.17391304347826086 0.2366412213740458 0.2765957446808509 0.9967219728680217 12.43 22.9
0.0005248967403350438 0.0 0.10813782991202346 0.0 0.21399176954732513 0.6740754933895382 0.619979402677652 0.2077767370804499 0.043478260869565216 0.1583969465648855 0.5531914893617023 0.9978818901608755 5.7 28.7
0.0018401733260739476 0.125 0.27162756598240473 0.0 0.28600823045267487 0.46809733665453146 0.8547888774459321 0.49673089688912336 0.17391304347826086 0.2366412213740458 0.2765957446808509 0.9743053104039537 17.1 18.9
0.011038679607076014 0.0 0.28152492668621704 0.0 0.31481481481481477 0.43150028741138147 1.0 0.26967599959988725 0.13043478260869565 0.22900763358778625 0.8936170212765959 0.994049119975793 19.88 14.5
0.00020973390095614382 0.0 0.05241935483870967 0.0 0.27366255144032914 0.5707990036405443 0.5849639546858908 0.46715892660658914 0.0 0.44847328244274803 0.35106382978723394 0.9825003782338998 8.65 16.5
0.13758453984651883 0.0 0.6466275659824048 0.0 0.40946502057613154 0.4360988695152327 0.5849639546858908 0.07893133519446392 1.0 0.91412213740458 0.8085106382978724 0.06134953855464219 15.69 10.2
0.0005488374267785907 0.33 0.06304985337243403 0.0 0.17901234567901225 0.7041578846522322 0.3934088568486097 0.2630195782447781 0.26086956521739135 0.06679389312977096 0.6170212765957446 0.9918805789500227 6.93 36.1
0.002456674101392516 0.125 0.27162756598240473 0.0 0.28600823045267487 0.5395669668518873 0.94129763130793 0.4744155171002738 0.17391304347826086 0.2366412213740458 0.2765957446808509 0.988955570124565 20.45 15.0
0.0003491069112378256 0.0 0.17338709677419356 0.0 0.2674897119341565 0.5267292584786357 0.36663233779608656 0.4845729250970728 0.17391304347826086 0.07061068702290074 0.8085106382978724 0.9810883050078167 6.75 20.7
0.0002716649724603428 0.55 0.12170087976539588 0.0 0.2037037037037036 0.6347959379191416 0.25952626158599384 0.48520946812283466 0.17391304347826086 0.34923664122137404 0.5319148936170215 0.9774824751626406 4.61 31.2
0.12170276052974331 0.0 0.6466275659824048 0.0 0.6049382716049384 0.6171680398543783 0.9052523171987641 0.06273586192472423 1.0 0.91412213740458 0.8085106382978724 0.053583135811185637 25.79 7.5
0.09537845841761279 0.0 0.6466275659824048 0.0 0.40946502057613154 0.5340103468097336 0.8568486096807414 0.083941838154389 1.0 0.91412213740458 0.8085106382978724 0.20961722729335822 17.64 14.5
0.000563336715751443 0.4 0.21810850439882698 1.0 0.12757201646090532 0.6125694577505268 0.30895983522142123 0.26807554856368615 0.13043478260869565 0.1278625954198473 0.5319148936170215 0.9999999999999999 3.53 32.4
0.004564016496369333 0.0 0.21041055718475074 0.0 0.24485596707818924 0.6901705307530178 0.7929969104016479 0.18969891514881465 0.30434782608695654 0.22900763358778625 0.5106382978723403 0.9374148973725351 6.36 31.6
0.0017510420380470336 0.2 0.2382697947214076 0.0 0.1625514403292181 0.5133167273424027 0.13800205973223484 0.3000300084569288 0.08695652173913043 0.06870229007633583 0.6382978723404256 0.9999999999999999 6.59 25.2
0.00012105220328497691 0.9 0.057184750733137835 0.0 0.05144032921810693 0.6068212301207127 0.34191555097837284 1.0 0.17391304347826086 0.0 0.46808510638297873 0.9686318019062988 4.5 30.1
0.025132550476633216 0.0 0.7008797653958945 0.0 0.4526748971193414 0.4393561985054609 0.9155509783728115 0.11752402949922254 0.17391304347826086 0.41221374045801523 0.22340425531914887 0.995486408795199 11.64 22.7
0.0003912560070891407 0.25 0.16129032258064516 0.0 0.08436213991769548 0.6066296225330524 0.31513903192584963 0.38839127390446393 0.13043478260869565 0.1793893129770992 0.6808510638297873 0.9999999999999999 5.29 28.0
0.0007031593163888723 0.0 0.07331378299120235 0.0 0.2119341563786007 0.49492239892699763 0.6107106076210093 0.13351944638943702 0.08695652173913043 0.011450381679389277 0.5531914893617023 0.9999999999999999 9.45 36.2
0.13006176921897614 0.0 0.6466275659824048 0.0 0.648148148148148 0.2826211917991952 0.9691040164778579 0.05823459338540864 1.0 0.91412213740458 0.8085106382978724 0.9999999999999999 25.68 9.7
0.050979050438193244 0.0 0.6466275659824048 0.0 0.7921810699588477 0.5435907261927572 0.8764160659114315 0.12627194936754904 1.0 0.91412213740458 0.8085106382978724 0.9436683645166171 7.79 25.0
0.0008297190015317544 0.0 0.20161290322580644 0.0 0.23456790123456794 0.43858976815481887 0.39752832131822863 0.25503551000736574 0.17391304347826086 0.17557251908396948 0.7021276595744679 0.9999999999999999 8.77 21.0
0.00033528200779859435 0.8 0.16458944281524926 0.0 0.053497942386831254 0.5880436865299866 0.21112255406797117 0.36256581400212784 0.13043478260869565 0.11068702290076332 0.7021276595744679 0.9999999999999999 4.7 27.9
0.006111618898440686 0.2 0.12866568914956011 0.0 0.5390946502057613 0.6984096570224182 0.913491246138002 0.07279324173176079 0.17391304347826086 0.14694656488549612 0.042553191489361764 0.9772807504160572 8.1 36.5
0.002782402314131479 0.0 0.23643695014662755 0.0 0.12962962962962965 0.35217474611994637 0.9515962924819773 0.43106693704589477 0.08695652173913043 0.08778625954198471 0.5638297872340423 0.9999999999999999 30.81 14.4
0.009834002248850959 0.0 0.7855571847507332 0.0 0.4917695473251028 0.39777735198313835 0.945417095777549 0.0773217906864662 0.13043478260869565 0.4770992366412213 0.9148936170212765 0.9999999999999999 18.34 14.3
0.038979034252940435 0.0 0.6466275659824048 1.0 0.685185185185185 0.9999999999999999 0.82389289392379 0.07048349989542509 1.0 0.91412213740458 0.8085106382978724 0.8932119622774725 5.29 21.9
0.0023074101032843925 0.0 0.29692082111436957 0.0 0.2777777777777778 0.4935811458133742 0.8702368692070032 0.1441406214478626 0.17391304347826086 0.37595419847328243 0.8829787234042552 0.9938726108225328 13.44 19.3
0.15631222611517515 0.0 0.6466275659824048 0.0 0.6748971193415637 0.5071852845372676 0.9485066941297631 0.09935527284962127 1.0 0.91412213740458 0.8085106382978724 0.2529376166221191 15.17 11.7
0.0005387216437742751 0.0 0.1315982404692082 0.0 0.257201646090535 0.5276872964169382 0.7260556127703399 0.19895606943775063 0.17391304347826086 0.20801526717557245 0.4255319148936172 0.9967219728680217 6.29 24.6
0.09875027368812907 0.0 0.6466275659824048 0.0 0.40946502057613154 0.3839816056715847 0.6972193614830071 0.08492393310842146 1.0 0.91412213740458 0.8085106382978724 0.008396792576529324 17.16 11.7
0.0016245947504930883 0.0 1.0 0.0 0.4609053497942387 0.36271316344127225 0.9248197734294542 0.0628631705298766 0.13043478260869565 1.0 0.7978723404255321 0.9954359776085531 18.06 15.2
0.0009481860602711838 0.45 0.1092375366568915 0.0 0.10699588477366251 0.6495497221689978 0.19155509783728117 0.4865189280615447 0.17391304347826086 0.4026717557251908 0.2765957446808509 0.9515356296333654 5.1 37.0
0.08451950255524679 0.0 0.6466275659824048 0.0 0.6748971193415637 0.5472312703583061 0.9824922760041195 0.09597250134128711 1.0 0.91412213740458 0.8085106382978724 0.7662766654899389 19.31 13.0
0.009376431664289083 0.0 0.28152492668621704 0.0 0.31481481481481477 0.3904962636520407 0.8527291452111225 0.30235793723685767 0.13043478260869565 0.22900763358778625 0.8936170212765959 0.764284633617429 16.51 13.9
0.5746830275594392 0.0 0.6466275659824048 0.0 0.4362139917695472 0.42077026250239513 1.0 0.02577089907155654 1.0 0.91412213740458 0.8085106382978724 0.0057491552776236824 10.11 15.0
0.0007431728580503874 0.6 0.045087976539589444 0.0 0.053497942386831254 0.4451044261352751 0.16065911431513905 0.8712182524165902 0.13043478260869565 0.42748091603053434 0.6063829787234043 0.9884764738514297 7.79 18.6
0.003953809986031228 0.0 0.21041055718475074 1.0 0.2510288065843621 0.6495497221689978 0.8815653964984552 0.15750802498886046 0.30434782608695654 0.22900763358778625 0.5106382978723403 0.9868878914720863 9.71 26.7
0.0012219865869213266 0.0 0.08907624633431087 0.0 0.12345679012345678 0.49856294309254656 0.6869207003089598 0.2151151688203039 0.043478260869565216 0.1698473282442748 0.574468085106383 0.9872156941852841 11.34 21.4
0.0003453977908029099 0.2 0.10520527859237538 0.0 0.1191358024691358 0.652807051159226 0.35324407826982496 0.37420545790177234 0.17391304347826086 0.05534351145038163 0.24468085106382986 0.9882243179182006 4.59 35.4
0.003198610585964598 0.0 0.7855571847507332 0.0 0.4917695473251028 0.5006706265568118 0.9340885684860968 0.04385781447498842 0.13043478260869565 0.4770992366412213 0.9148936170212765 0.9777598466891926 24.16 14.0
0.0013824903439231344 0.0 0.4934017595307918 0.0 0.10699588477366251 0.5972408507376893 0.29042224510813597 0.43928743555001865 0.13043478260869565 0.1946564885496183 0.36170212765957444 0.9999999999999999 6.27 28.6
0.04143863069164531 0.0 0.6466275659824048 0.0 0.6748971193415637 0.5393753592642269 0.8805355303810505 0.1307186570760851 1.0 0.91412213740458 0.8085106382978724 0.9862070704523678 14.65 17.7
0.0008225255558397966 0.6 0.045087976539589444 0.0 0.053497942386831254 0.5782716995593026 0.33985581874356335 0.8712182524165902 0.13043478260869565 0.42748091603053434 0.6063829787234043 0.9341368702405567 5.49 24.1
0.2914950542812916 0.0 0.6466275659824048 0.0 0.6049382716049384 0.3339720252922017 0.8877445932028836 0.04709509043457703 1.0 0.91412213740458 0.8085106382978724 0.32033889757425993 26.64 10.4
0.04122012977875209 0.0 0.6466275659824048 0.0 0.40740740740740733 0.5271124736539566 0.5046343975283213 0.2602642562904091 1.0 0.91412213740458 0.8085106382978724 0.9791214887286298 10.58 21.2
0.15994042028605637 0.0 0.6466275659824048 0.0 0.6337448559670781 0.5330523088714313 1.0 0.040420482135874666 1.0 0.91412213740458 0.8085106382978724 0.9999999999999999 20.32 7.2
0.28144108995089123 0.0 0.6466275659824048 0.0 0.6337448559670781 0.46484000766430345 1.0 0.041757222489974447 1.0 0.91412213740458 0.8085106382978724 0.9999999999999999 26.77 5.6
0.00140328389787645 0.0 0.29692082111436957 0.0 0.2777777777777778 0.4916650699367694 0.8475798146240989 0.09027998799661723 0.17391304347826086 0.37595419847328243 0.8829787234042552 0.9767764385495991 14.09 20.4
0.0791739856229996 0.0 0.6466275659824048 0.0 0.47119341563786 0.48706648783291817 0.8465499485066941 0.08113195536924041 1.0 0.91412213740458 0.8085106382978724 0.005547430531040396 23.29 13.4
7.63179628881145e-05 0.9 0.02785923753665689 0.0 0.03703703703703709 0.7066487832918183 0.1956745623069001 0.6881030108485119 0.17391304347826086 0.07442748091603052 0.5638297872340423 0.9975540874476777 4.81 35.4
0.002293585199845161 0.2 0.10520527859237538 0.0 0.1191358024691358 0.6229162674841925 0.3017507723995881 0.2701761405487001 0.17391304347826086 0.05534351145038163 0.24468085106382986 0.9999999999999999 4.85 35.1
0.013998782509316635 0.0 0.28152492668621704 0.0 0.31481481481481477 0.384939643609887 0.98043254376931 0.24264110794860366 0.13043478260869565 0.22900763358778625 0.8936170212765959 0.9487366987745222 21.02 13.6
0.0038756936617201235 0.0 0.25366568914956017 0.0 0.2222222222222222 0.4751868173979691 0.4840370751802266 0.3265920395747893 0.17391304347826086 0.19083969465648848 0.7446808510638299 0.9999999999999999 7.7 20.4
0.13269636870365567 0.0 0.6466275659824048 0.0 0.685185185185185 0.625215558536118 0.7579814624098867 0.06041702661659197 1.0 0.91412213740458 0.8085106382978724 0.1213626506631701 22.74 8.4
0.09285086143760114 0.0 0.6466275659824048 1.0 0.5823045267489712 0.4433799578463308 0.8928939237899073 0.0 1.0 0.91412213740458 0.8085106382978724 0.8763931615310908 8.88 50.0
0.00043048276562809796 0.25 0.16129032258064516 0.0 0.08436213991769548 0.5859360030657214 0.6951596292481977 0.38839127390446393 0.13043478260869565 0.1793893129770992 0.6808510638297873 0.9967976196479903 7.22 23.9
0.003120157068886684 0.0 0.25366568914956017 0.0 0.2222222222222222 0.411381490707032 0.7353244078269825 0.3265920395747893 0.17391304347826086 0.19083969465648848 0.7446808510638299 0.9854506026526804 11.74 18.5
0.0028417482410901308 0.0 0.7855571847507332 0.0 0.4917695473251028 0.4085073768921249 0.9588053553038105 0.05989869872418592 0.13043478260869565 0.4770992366412213 0.9148936170212765 0.9879217307983257 17.19 16.2
0.054280729613212925 0.0 0.6466275659824048 0.0 0.40740740740740733 0.44912818547614497 0.518022657054583 0.18393365402977202 1.0 0.91412213740458 0.8085106382978724 0.9781128649957135 11.45 20.6
0.0002788584181523006 0.0 0.1440615835777126 0.0 0.11728395061728392 0.47001341253113627 0.4696189495365603 0.625994598477753 0.08695652173913043 0.3148854961832061 0.6595744680851063 0.9716072419184023 10.53 17.5
0.1500898955916317 0.0 0.6466275659824048 0.0 0.6337448559670781 0.4456792488982563 0.945417095777549 0.05933490347279689 1.0 0.91412213740458 0.8085106382978724 0.9999999999999999 16.35 12.7
0.002335284705340729 0.22 0.19794721407624635 0.0 0.09465020576131689 0.551255029699176 0.06179196704428426 0.5698969709645446 0.26086956521739135 0.2729007633587786 0.6914893617021276 0.9499974784406677 3.59 24.8
0.0010623820106310136 0.0 0.3500733137829912 0.0 0.33333333333333337 0.6043303314811267 0.8105046343975283 0.14075784993952845 0.21739130434782608 0.46755725190839686 0.5531914893617023 0.9966967572746986 10.16 22.8
0.0008529853024416803 0.22 0.19794721407624635 0.0 0.09465020576131689 0.6506993676949607 0.04016477857878477 0.7072083950931628 0.26086956521739135 0.2729007633587786 0.6914893617021276 0.9727419436179333 3.53 29.6
0.0012170410930081056 0.2 0.2382697947214076 0.0 0.1625514403292181 0.5704157884652233 0.5746652935118435 0.253516900217334 0.08695652173913043 0.06870229007633583 0.6382978723404256 0.9951081748953553 7.73 24.4
0.00041193716345351935 0.525 0.1781524926686217 0.0 0.04115226337448563 0.5755891933320559 0.2059732234809475 0.5626676608862498 0.21739130434782608 0.20229007633587787 0.4255319148936172 0.9365071360129105 9.51 24.8
0.04963432568415288 0.0 0.6466275659824048 0.0 0.40946502057613154 0.467905729066871 0.9433573635427395 0.12828160663459703 1.0 0.91412213740458 0.8085106382978724 0.8345604922083817 21.32 19.1
0.17835339330568953 0.0 0.6466275659824048 0.0 0.588477366255144 0.5717570415788465 0.9907312049433572 0.03542816611954279 1.0 0.91412213740458 0.8085106382978724 0.9999999999999999 21.08 10.9
0.026128730307380426 0.0 0.7008797653958945 0.0 0.9999999999999999 0.31136232994826596 0.9361483007209063 0.03637388718638891 0.17391304347826086 0.41221374045801523 0.22340425531914887 0.8993645670482627 28.32 17.8
0.003280548428299555 0.0 0.21041055718475074 0.0 0.24485596707818924 0.7903812990994444 0.14521112255406798 0.20419390919259067 0.30434782608695654 0.22900763358778625 0.5106382978723403 0.9511069645468758 3.92 46.7
0.0016191996662241201 0.0 0.9233870967741936 0.0 0.4032921810699587 0.4397394136807816 0.9691040164778579 0.07409360819867418 0.043478260869565216 0.001908396946564861 0.6914893617021276 0.93295173735438 25.41 17.3
0.005932344744086426 0.2 0.12866568914956011 0.0 0.5390946502057613 0.7585744395478061 0.8908341915550979 0.09186225208922517 0.17391304347826086 0.14694656488549612 0.042553191489361764 0.9784910988955571 7.26 43.1
0.000772283833585029 0.33 0.06304985337243403 0.0 0.17901234567901225 0.739413680781759 0.7106076210092689 0.17910502050577892 0.26086956521739135 0.06679389312977096 0.6170212765957446 0.9999999999999999 6.47 33.4
0.005681810518346209 0.0 0.21041055718475074 0.0 0.2510288065843621 0.7275340103468096 0.7075180226570545 0.27447735270849055 0.30434782608695654 0.22900763358778625 0.5106382978723403 0.9827777497604518 4.73 31.5
0.0037511571331781046 0.0 0.7855571847507332 0.0 0.4917695473251028 0.5550871814523856 0.9886714727085479 0.08992534259654995 0.13043478260869565 0.4770992366412213 0.9148936170212765 0.9953098996419386 12.6 19.2
3.079693936869422e-05 0.9 0.09200879765395896 0.0 0.030864197530864224 0.6757999616784826 0.18434603501544802 0.5617674071783867 0.0 0.18702290076335876 0.2872340425531916 0.9945030006556055 7.85 32.2
0.0008256726883300281 0.4 0.21810850439882698 0.0 0.12757201646090532 0.5596857635562368 0.30072090628218334 0.27377715538015257 0.13043478260869565 0.1278625954198473 0.5319148936170215 0.9999999999999999 7.19 29.1
0.0015998672809269833 0.0 0.29692082111436957 0.0 0.2777777777777778 0.6066296225330524 0.7929969104016479 0.14987860215151544 0.17391304347826086 0.37595419847328243 0.8829787234042552 0.994603863028897 9.42 27.5
0.002736656495434185 0.0 0.7855571847507332 0.0 0.4917695473251028 0.4399310212684423 0.9814624098867148 0.04901381298365905 0.13043478260869565 0.4770992366412213 0.9148936170212765 0.9877452216450654 21.32 13.3
0.17176239869043322 0.0 0.6466275659824048 0.0 0.588477366255144 0.5916842306955356 0.9309989701338826 0.019578244778073836 1.0 0.91412213740458 0.8085106382978724 0.9145695698219779 23.24 13.9
1.0 0.0 0.6466275659824048 0.0 0.588477366255144 0.652807051159226 0.9165808444902164 0.02608917058443745 1.0 0.91412213740458 0.8085106382978724 0.9999999999999999 17.21 10.4
0.06390286240691793 0.0 0.6466275659824048 0.0 0.40740740740740733 0.48917417129718344 0.791967044284243 0.21972555902117868 1.0 0.91412213740458 0.8085106382978724 0.9893590196177316 14.98 19.1
8.41857941136933e-05 0.8 0.0 0.0 0.07613168724279828 0.8265951331672735 0.2996910401647786 0.41091580354463525 0.13043478260869565 0.1297709923664122 0.1914893617021276 0.9932674365827828 2.97 50.0
0.0013006648991771147 0.0 0.08907624633431087 0.0 0.12345679012345678 0.5870856485916843 0.5653964984552008 0.2151151688203039 0.043478260869565216 0.1698473282442748 0.574468085106383 0.9018609107872309 6.65 28.4
0.003555360533250129 0.0 0.7855571847507332 0.0 0.4917695473251028 0.4562176662195824 0.933058702368692 0.07613963935290856 0.13043478260869565 0.4770992366412213 0.9148936170212765 0.9529729184527712 16.9 17.4
0.007386657147340201 0.2 0.12866568914956011 0.0 0.5390946502057613 0.722743820655298 1.0 0.06956505924396876 0.17391304347826086 0.14694656488549612 0.042553191489361764 0.9656815774875184 7.79 36.0
0.001105655082371697 0.4 0.21810850439882698 1.0 0.12757201646090532 0.7100977198697068 0.474768280123584 0.33260282443234007 0.13043478260869565 0.1278625954198473 0.5319148936170215 0.9807100711079731 6.05 33.2
0.0011420719011872333 0.0 0.29692082111436957 0.0 0.2777777777777778 0.5046943858976817 0.5303810504634398 0.14987860215151544 0.17391304347826086 0.37595419847328243 0.8829787234042552 0.9914014826768874 13.0 21.7
0.0004377886089089926 0.0 0.42045454545454547 0.0 0.3868312757201645 0.4903238168231462 0.7600411946446962 0.10529330993279927 0.0 0.1641221374045801 0.8936170212765959 0.9999999999999999 9.08 20.6
0.0009704407828806784 0.34 0.2063782991202346 0.0 0.09876543209876543 0.562176662195823 0.1596292481977343 0.39666633323936745 0.26086956521739135 0.27099236641221375 0.37234042553191493 0.9664884764738515 8.67 26.4
